Proposal Visit
7269 03
7288 02
7389 18
7669 01
7673 16
7673 41
7740 01
7740 02
7778 01
7917 01
8047 01
8047 11
8103 08
8103 11
8103 68
8306 01
8306 51
8473 03
8566 03
8566 04
8606 13
8651 03
8651 04
8662 53
8672 02
9231 02
9455 31
11528 20
11528 21
11528 22
11532 01
11535 02
11540 02
11541 02
11541 13
11579 31
11598 33
11598 26
11598 14
11601 01
11616 13
11616 34
11616 19
11625 20
11639 02
11658 04
11686 06
11692 05
11692 08
11705 04
11727 08
11728 01
11741 29
11839 01
11860 02
11866 03
11896 AC
11999 07
11999 11
12011 01
12011 02
12027 09
12032 17
12034 03
12036 02
12036 52
12096 02
12161 08
12161 09
12178 09
12189 02
12212 18
12212 23
12222 02
12248 83
12249 C1
12264 09
12264 10
12275 08
12275 15
12278 71
12278 41
12278 12
12278 15
12278 33
12290 05
12376 05
12424 23
12475 03
12565 01
12603 40
12603 04
12612 02
12797 06
12805 01
12876 03
12906 01
12929 04
13033 14
13125 L2
13125 M2
13296 01
13302 08
13302 01
13325 12
13325 10
13325 11
13328 G2
13329 W2
13329 W4
13329 W1
13330 05
13330 15
13330 29
13330 70
13330 54
13330 55
13346 Q1
13346 H0
13415 01
13456 02
13492 01
13492 02
13492 03
13548 E1
13650 14
13650 15
13774 02
13778 02
13828 09
13862 03
13931 01
13975 02
14071 02
14071 12
14076 19
14106 01
14145 07
14145 08
14268 02
14268 24
14268 03
14277 14
14341 11
14429 L3
14437 01
14516 04
14597 08
14597 17
14597 27
14597 29
14597 18
14609 04
14631 01
14633 26
14675 32
14767 88
14767 12
14772 17
14772 05
14784 04
14833 E3
14909 03
14929 01
14935 01
15174 07
15174 08
15386 25
15386 90
15448 02
